volt= [28.843967 29.061298 24.0419 24.15661 23.929111 28.870136 24.099648 23.90079 23.581612 28.349941 28.114395 28.485703 23.678778 23.629744 23.714241 23.712025 24.228748 28.922462 28.538065 24.253366 24.132708 24.010845 29.107481 28.494793; 28.94109 28.662008 24.016209 23.904371 15.515069 28.537674 24.279024 23.515978 23.552309 28.126863 28.54308 28.867207 23.932043 23.81799 23.950945 24.05802 24.074463 29.053665 28.492186 23.827213 23.875149 24.016499 28.825472 28.355791];

curr= [0.97999763 0.9306956 0.9768723 0.9526988 0.8931187 0.9853119 0.95779246 0.87222594 0.94365185 0.8480976 0.9261316 1.0240799 0.905778 0.9016836 0.9976539 0.9455604 0.92774355 0.9956206 0.85770065 0.9524507 0.9724896 0.91738486 0.9215521 0.9143376; 0.76751125 0.7414483 0.76841325 0.75651926 0.56055987 0.7832972 0.7470845 0.69650257 0.7423653 0.67165744 0.71675205 0.7941326 0.7041646 0.7028752 0.7762481 0.7323178 0.7337057 0.77875775 0.6748915 0.76175773 0.7723585 0.72068745 0.7311195 0.72198254];

temp= [8.569016 8.814725 8.632448 8.790861 8.689836 8.615697 8.580204 8.709843 8.726854 8.618479 8.820299 8.76758 8.66902 8.631822 8.729994 8.665033 8.477288 8.680482 8.544763 8.543517 8.537184 8.676638 8.602776 8.675959; 9.009083 8.790944 8.842684 8.910685 8.9236355 8.848235 8.898983 8.855522 8.898923 8.772046 8.996227 8.9039135 8.789139 8.841429 8.963508 8.826343 8.9057865 8.908817 8.99684 8.745492 8.772005 8.880852 9.0817175 8.948732];
