raw_=[1.0469832 1.2408916 1.2030587 1.3347163 1.20141 0.94056803 1.1244234 1.0567476 1.221012 1.1077507 1.0073377 1.2526665 1.4931196 1.2681007 1.3380883 1.423376 1.2094505 1.1357981 1.2349128 1.2141682 1.042982 1.1857572 1.2499439 1.2824317 1.1230744 1.3572798 1.0385851 1.3281248 0.9141051 1.2725575 1.3461177 1.4090729 1.2366654 1.4231318 1.2595752 1.078236 1.3293693 1.2385937 1.2845671 1.2490524 1.1520699 1.3893399 1.176317 1.2871891 1.2321639 1.0693924 1.0152566 0.91237354 1.359357 1.1410698 1.1745642 1.3668873 1.0467004 1.1635597 1.2289726 1.0524586 1.1797086 0.97736907 1.084268 1.1271126 1.3038346 1.151178 1.2009577 1.1205466 1.1545273 1.2853439 1.1656791 1.1342106 1.1259798 1.2111735 1.3872374 1.1912253 1.0963756 0.9493976 1.0521804 1.2688825 1.4129509 1.1474718 1.14779 1.1492712 1.2216941 1.097528 1.2892579 1.137896 1.1949605 1.1254654 1.2266264 1.1494675 1.1691686 1.532286 1.0460908 1.081407 1.3575854 1.1297481 1.2871331 1.1532797 0.96233094 1.2194556 1.2624859 1.0160191 1.1637633 1.5112262 1.1262479 1.1493528 1.1065274 1.0563463 1.1883193 1.2915065 1.1743882 1.1461238 1.3143529 1.3249409 1.2570283 1.2581671 1.3998177 1.0795429 1.4622803 1.2156006 1.4040662 1.4082154 1.1513908 1.2502888 1.2010105 1.211905 1.4614376 1.2248354 1.125428 1.0593287 1.1692146 1.0692152 1.4796362 1.1216365 1.014172 1.144155 1.3582643 1.1277654 1.344355 1.3052745 1.2491225 1.3484 0.920642 1.2372508 1.0855327 0.913758 1.001422 1.0132641 1.1970323 1.1473484 1.5825111 1.2057699 1.3685462 1.3709213 1.5467002 0.0 0.0 0.0 0.0 0.0 0.0 0.0 0.0 0.0 0.0 0.0 0.0 0.0 0.0 0.0 0.0 0.0 0.0 0.0 0.0 0.0 0.0 0.0 0.0 0.0 0.0 0.0 0.0 0.0 0.0 0.0 0.0 0.0 0.0 0.0 0.0 0.0 0.0 0.0 0.0 0.0 0.0 0.0 0.0 0.0];

%ref, sample, ref'
ref_=[
1.1435997
1.2064124
1.2054119
1.1612713
1.1560073
1.1435997
1.1653535
1.1487108
1.1242456
1.1139895
1.1504531
1.1913947
1.2181028
1.2639314
1.2624863
1.2659923
1.2944392
1.2896268
1.2333596
1.2230666
1.2120485
1.1944306
1.1836336
1.2113187
1.1867777
1.2010224
1.1849128
1.1957628
1.2077845
1.2236147
1.2378136
1.2460451
1.2736688
1.2424327
1.2943407
1.2900953
1.2824014
1.2623988
1.2518244
1.2476003
1.2371932
1.2633123
1.2511618
1.2300115
1.1963477
1.1542629
1.1801738
1.1491399
1.1489208
1.1588831
1.1357002
1.1474712
1.1741856
1.1916963
1.1692401
1.1487776
1.1374905
1.1075187
1.1396606
1.1381128
1.1346108
1.1431218
1.1399742
1.1784711
1.1886474
1.1895347
1.1673028
1.1748023
1.1980873
1.206922
1.1996531
1.1576599
1.1434726
1.1603066
1.1961778
1.188215
1.1582843
1.15304
1.1687049
1.187221
1.2168559
1.2004824
1.1732337
1.1704829
1.1803375
1.180362
1.1737963
1.228141
1.1977451
1.190684
1.2110121
1.2115475
1.2191108
1.2195873
1.1937326
1.1546289
1.1816782
1.1735047
1.149277
1.1969616
1.176851
1.1763602
1.1943848
1.173996
1.1647252
1.1991613
1.2004893
1.1548516
1.1783646
1.2003131
1.2191259
1.2443534
1.2707907
1.2442952
1.2802818
1.2889664
1.3001806
1.3105898
1.2973851
1.2964003
1.2715495
1.2880948
1.2879894
1.2891437
1.254314
1.2107031
1.212931
1.1902968
1.2251251
1.2138416
1.1579334
1.1478484
1.1769527
1.1855074
1.2074
1.2369072
1.2080932
1.2364386
1.2247473
1.2363844
1.2022929
1.175542
1.1326753
1.096174
1.0896627
1.0645313
];

sample_=[
1.1242456
1.1139895
1.1504531
1.1913947
1.2181028
1.2639314
1.2624863
1.2659923
1.2944392
1.2896268
1.2333596
1.2230666
1.2120485
1.1944306
1.1836336
1.2113187
1.1867777
1.2010224
1.1849128
1.1957628
1.2077845
1.2236147
1.2378136
1.2460451
1.2736688
1.2424327
1.2943407
1.2900953
1.2824014
1.2623988
1.2518244
1.2476003
1.2371932
1.2633123
1.2511618
1.2300115
1.1963477
1.1542629
1.1801738
1.1491399
1.1489208
1.1588831
1.1357002
1.1474712
1.1741856
1.1916963
1.1692401
1.1487776
1.1374905
1.1075187
1.1396606
1.1381128
1.1346108
1.1431218
1.1399742
1.1784711
1.1886474
1.1895347
1.1673028
1.1748023
1.1980873
1.206922
1.1996531
1.1576599
1.1434726
1.1603066
1.1961778
1.188215
1.1582843
1.15304
1.1687049
1.187221
1.2168559
1.2004824
1.1732337
1.1704829
1.1803375
1.180362
1.1737963
1.228141
1.1977451
1.190684
1.2110121
1.2115475
1.2191108
1.2195873
1.1937326
1.1546289
1.1816782
1.1735047
1.149277
1.1969616
1.176851
1.1763602
1.1943848
1.173996
1.1647252
1.1991613
1.2004893
1.1548516
1.1783646
1.2003131
1.2191259
1.2443534
1.2707907
1.2442952
1.2802818
1.2889664
1.3001806
1.3105898
1.2973851
1.2964003
1.2715495
1.2880948
1.2879894
1.2891437
1.254314
1.2107031
1.212931
1.1902968
1.2251251
1.2138416
1.1579334
1.1478484
1.1769527
1.1855074
1.2074
1.2369072
1.2080932
1.2364386
1.2247473
1.2363844
1.2022929
1.175542
1.1326753
1.096174
1.0896627
1.0645313
1.147265
1.1433299
1.1787065
1.2358519
1.3040117
1.3455472
1.3702996
1.4148897
];
